456
102
1126
1003
914
571
419
2233
356
2418
1728
130
122
383
895
952
2069
2465
108
2298
814
2232
1718
902
1839
2413
1139
26
653
1731
1393
1138
636
881
1378
418
379
1556
396
1470
1408
2472
1083
177
1881
2196
511
1550
322
2261
1200
1481
2364
787
284
187
933
1185
326
953
413
1857
1494
666
1516
1455
858
1093
292
2495
700
2187
1002
669
1893
1554
1105
2281
899
1328
229
938
131
1292
1643
1096
271
864
2323
1288
870
2044
1620
1879
585
1084
1010
2299
2207
1076
2394
1754
2390
1635
1482
898
566
2087
2021
372
192
449
626
655
1729
2442
260
1576
1563
2440
1917
2167
1029
2266
47
469
2199
1092
1202
1780
647
1858
13
1078
2050
731
2079
435
1222
2494
1531
661
2209
2172
2
2453
1327
2001
79
458
1486
1259
980
237
986
350
1990
283
2181
515
525
1946
2251
676
1085
2161
2484
1733
867
2208
823
1276
1634
1529
1794
2119
1849
495
1015
920
262
1384
86
2409
2268
942
2410
29
290
241
937
276
128
1353
2105
974
1140
1988
877
541
2338
2360
1936
995
1937
1667
779
386
397
1765
1451
1734
1683
1912
221
403
248
1649
1389
447
1018
784
1837
574
751
1894
1023
308
1815
2254
401
207
2214
60
382
968
681
1664
1989
1971
875
1642
240
674
1552
8
1599
1086
1863
1168
1732
2276
1993
634
777
1215
891
239
2372
2220
249
1284
234
205
2392
1952
2059
2175
644
232
2080
328
761
280
2437
278
963
1653
491
2333
1008
2371
2435
162
335
1717
2315
2141
1295
1068
836
1286
977
1087
1621
536
1228
1872
297
38
1877
2306
409
300
2202
873
2072
542
1429
281
1000
1513
1167
646
2225
1239
2166
32
2271
1226
424
550
472
438
1115
1154
2477
862
1404
833
1081
2070
1028
208
378
1133
180
14
1366
535
1072
1809
2259
1751
2297
39
610
2234
147
1512
2385
2263
606
1760
522
171
1262
1493
163
1465
860
1022
421
1448
2293
633
969
665
725
1688
101
734
1360
1686
1016
652
442
1566
158
1927
911
817
1885
1432
1250
932
913
96
791
1632
1344
1141
1143
1438
2086
1637
1356
113
1069
2378
156
444
2443
1779
1415
1787
2483
2094
473
1577
2361
778
1043
181
1786
6
2129
2205
807
1491
1766
286
1352
1285
510
1230
2077
1266
1672
1336
1648
1211
2270
521
785
1722
712
2331
1232
1663
2244
1
1244
1175
2375
1319
1904
1811
2093
1938
695
347
1162
2111
1372
962
1271
815
603
100
189
298
1865
1697
2357
796
1572
2024
1636
999
604
22
436
1741
896
720
2121
1902
2283
1020
497
1869
546
1903
2289
2438
1299
1812
2067
1747
1826
651
1944
1843
1061
1012
1135
2135
1984
979
1124
1801
317
1170
960
1112
1375
1309
2212
330
617
947
1568
625
876
263
1699
1669
1355
2222
1908
1703
255
847
1720
1595
80
2358
1558
1953
24
1440
1223
1597
1716
2204
2236
2470
903
1999
1117
1785
118
1592
1376
1656
1914
110
1613
2424
2311
111
343
1755
555
1891
744
1065
1340
866
1862
1338
1382
1726
1033
1926
213
1433
918
164
127
816
83
624
517
1939
468
2310
892
1049
1510
687
2481
2487
670
1274
2370
105
1277
1537
1624
812
311
2425
994
417
1235
2459
2318
168
1422
2182
1517
282
1397
51
2007
432
1775
1483
1883
1783
721
2137
1106
1980
1784
2426
1099
1320
1005
354
1142
1846
998
2334
2499
1377
117
1331
1997
868
1453
1058
1394
1145
2441
1131
41
2116
782
988
2274
984
1950
2010
1835
70
381
1205
907
996
1254
2382
1511
2267
2174
1742
1354
1441
1109
1255
944
494
788
489
2194
758
886
1983
1132
2414
2148
2444
1159
411
795
1213
931
1478
1238
57
518
1123
186
223
1196
420
50
2351
1164
1922
1960
1804
1395
755
210
1034
1956
467
267
1641
2014
303
2363
219
621
611
2305
348
485
2285
1704
924
2140
1845
1813
1217
1756
2329
246
2497
406
851
332
643
982
711
2260
307
641
10
1673
2432
1924
1192
133
948
1180
1158
1859
291
956
2415
810
470
2230
1088
582
244
679
1182
1798
509
1919
1245
2049
2211
2022
1793
329
2449
1769
1025
374
2356
2404
84
1103
717
2125
743
2397
373
1925
1425
1365
1315
428
658
1350
2029
1640
2253
150
360
1324
474
1655
2107
4
1892
1692
222
768
2123
2041
1810
211
2249
1179
1985
2493
648
1272
2256
56
2262
1671
464
1890
481
630
1195
2084
1119
1701
1976
1934
1870
2257
592
1571
780
2455
2081
559
285
1392
1094
2005
608
1829
2206
1413
1361
1545
1318
772
978
2342
1682
178
1303
1561
1581
623
2028
151
2057
2417
1359
1803
408
2154
1871
62
590
1679
632
306
1923
1386
1628
1345
2185
1297
1998
2216
961
1177
370
1777
1817
188
1201
1468
1535
1764
596
1687
737
696
323
2496
2038
2388
586
951
1888
1040
1882
1045
1905
1178
2238
302
2406
1225
1737
1024
1237
1575
1979
971
1562
2354
1209
89
33
200
2034
1172
2486
1443
897
1026
560
161
1265
1805
136
2373
538
369
1208
719
822
1498
2055
1116
673
1052
1973
1387
471
1918
576
1627
2282
1616
2197
506
1509
1073
1560
1521
443
957
1931
1343
2498
906
258
1901
477
572
185
152
1246
2017
475
398
2201
1591
1519
2405
405
2004
134
889
1816
1821
967
1485
1504
1469
1630
1130
500
375
2445
87
997
2312
840
848
2401
884
954
11
532
714
450
539
1467
2411
1326
64
713
214
519
1724
465
1836
2102
2431
446
1851
2063
1876
1961
1645
1746
2008
301
2491
607
269
516
2246
2446
2173
1207
2479
1762
2258
880
1761
935
1694
1388
1633
389
1280
1748
1044
1533
1942
274
349
1768
395
1526
2278
245
2402
2300
1279
2367
2078
871
1975
1434
1505
926
1757
2280
107
1095
738
1391
1437
25
2319
581
125
1540
1719
1396
1515
2324
215
637
203
334
1114
1814
1736
1696
1118
882
2098
466
454
1160
2429
2158
1263
1618
2454
224
31
837
1234
865
562
1046
2037
1763
529
1557
2288
1450
295
1626
173
76
318
1282
1758
2348
1710
1659
85
1330
703
1884
1788
433
2412
2146
1270
1390
1364
688
312
2090
2088
794
1431
599
1048
808
710
2467
2023
1900
2309
1838
1323
1294
618
279
1920
1240
1125
2422
230
154
233
314
2433
2076
1574
1895
2377
1842
2341
771
1316
2478
1948
2053
253
423
1406
345
2066
706
160
1014
1799
650
1490
1527
1586
1674
1385
2448
1370
387
1583
1163
1032
2468
615
333
2386
579
1605
528
1268
1542
523
2156
2082
74
1399
1991
786
927
563
316
414
2210
1379
1543
631
664
740
678
1792
1492
972
1819
958
1267
1921
1506
2336
1564
2160
1714
663
2476
1968
1520
2113
656
1840
1791
909
1847
109
218
1623
2056
965
919
115
1305
1373
598
1935
568
21
324
77
883
612
2247
455
973
1233
499
195
976
257
2047
2195
67
2110
2355
990
588
1193
1445
985
2337
1706
767
2144
1477
277
2228
2269
1584
1038
66
1462
1412
987
2383
746
552
1874
825
179
1631
2224
1037
149
1171
1507
1789
1638
765
2032
2126
338
1738
739
1203
327
1210
1745
682
1818
1439
1831
1444
1781
1488
2101
584
2488
142
275
966
1500
132
628
1523
2350
2168
1503
1287
106
762
2120
1585
482
1066
1827
878
1169
2011
819
502
707
1823
359
1423
265
2252
1189
645
1480
2083
2344
531
353
2153
1677
513
1298
1411
2407
745
1772
226
508
2122
1321
923
1417
804
512
2058
690
701
2308
116
2362
863
2343
124
2039
1186
1978
1218
1800
1702
835
1307
1414
2109
434
1910
501
1841
577
1188
1573
1712
654
1341
2366
2040
2108
2042
94
368
1610
2389
199
1152
2027
2447
2198
440
548
1651
209
2335
2301
797
1484
1582
2065
1844
486
527
1528
2284
1497
2085
1644
2048
159
561
1940
2127
1304
1609
2180
2006
1227
1945
68
1508
448
1260
1943
2369
2365
1967
698
2147
605
992
129
2345
781
1806
1715
620
1691
1680
565
2124
849
1959
2152
709
2183
1402
2237
1082
1009
921
1219
1183
2002
1965
1428
2295
1120
1555
172
1418
1050
1962
827
1110
2302
2403
993
410
1666
1955
1176
242
366
2191
1711
148
763
153
37
2326
439
1165
1861
549
789
461
1053
1380
2325
718
1660
355
390
756
575
1325
27
964
1236
2346
46
1071
1472
254
484
1906
1256
1273
480
904
547
1958
627
1530
1928
894
1013
2163
319
459
252
2243
828
613
2131
476
841
1824
227
540
236
1042
12
2368
299
1735
261
1933
554
1721
1546
1538
544
1424
2200
912
93
1896
2178
1553
940
1886
635
1129
462
844
137
1828
1647
1797
959
231
573
1184
2359
1306
1313
970
905
1693
1127
2423
1749
2030
1410
1705
1541
753
2203
1231
591
2303
1690
2170
1590
832
2193
1544
2469
770
888
1963
855
1363
1241
2475
1317
1559
1909
1471
1473
2100
2036
1311
1518
1281
1695
2304
597
803
1351
1006
2045
2255
1054
2009
1887
689
1442
693
2000
138
304
198
1689
2071
1867
247
2179
1684
48
1174
394
609
1625
1880
2314
925
1949
2317
174
941
2321
1947
190
1148
315
1593
1358
321
2051
1416
400
1790
950
2439
121
934
1457
2265
760
2399
351
336
1097
1474
1104
357
2272
367
1449
1588
346
2291
2134
694
1101
2019
259
684
1479
1030
800
1875
1247
1349
1371
2434
557
727
1334
1495
818
736
1795
1675
570
991
2384
2188
2075
1713
2226
1454
43
1059
2091
1825
1532
1602
1977
580
1426
1405
399
1853
1229
183
92
949
1770
119
1759
18
879
842
256
416
1335
1074
1283
1607
479
749
2092
564
683
766
799
685
126
1873
2316
463
1502
170
1807
1427
859
2408
1436
1753
846
243
1151
1198
1685
543
1608
1100
1536
309
1650
2189
1629
2026
1322
1161
1383
2241
534
1987
1407
407
1752
1122
1476
337
677
212
1251
874
1822
493
1569
365
422
1567
545
2307
34
672
1802
872
504
1134
2461
2457
2485
1604
1580
2046
49
1296
2328
1723
1496
1929
1173
2052
1136
342
1269
1600
270
1001
225
671
2033
1420
2142
2118
483
120
2145
1077
1864
1475
1932
614
733
144
2264
1310
1111
2112
1156
821
1194
2020
1004
616
97
2218
5
425
975
2015
583
1146
2128
1525
391
1615
1290
1302
1854
1113
305
830
1665
850
1897
2471
165
1342
2103
1224
1852
2277
910
811
1524
344
2400
1060
264
809
376
1774
1617
141
2043
1964
1409
1107
1150
1464
1091
2016
155
2464
81
1957
726
2155
558
1995
1461
1549
1206
7
1603
426
1308
363
1435
1051
197
1551
415
1848
82
1400
659
2240
675
1778
1676
1153
392
629
15
358
2458
699
2003
1587
757
764
182
619
2217
2339
2340
492
708
320
1056
1589
460
2320
705
1128
589
1357
201
2013
402
1314
1707
769
2115
268
1652
1021
135
2068
507
112
667
922
1102
36
1941
2462
916
893
1911
2132
30
2095
1157
104
1062
1657
2286
741
